% time     seconds  usecs/call     calls    errors syscall
------ ----------- ----------- --------- --------- ----------------
 99.99   14.691910     7345955         2         1 wait4
  0.00    0.000456         456         1           clone
  0.00    0.000300          27        11           read
  0.00    0.000182           4        45         4 newfstatat
  0.00    0.000153          13        11         2 ioctl
  0.00    0.000128          18         7         2 access
  0.00    0.000119           9        12           rt_sigprocmask
  0.00    0.000049           3        16           rt_sigaction
  0.00    0.000048           9         5           getegid
  0.00    0.000038           7         5           getuid
  0.00    0.000037           7         5           getgid
  0.00    0.000029           7         4           brk
  0.00    0.000024           4         5           geteuid
  0.00    0.000019           0        34        13 openat
  0.00    0.000015           0        21           close
  0.00    0.000013           3         4           lseek
  0.00    0.000013          13         1           rt_sigreturn
  0.00    0.000000           0        25           mmap
  0.00    0.000000           0         4           mprotect
  0.00    0.000000           0         1           munmap
  0.00    0.000000           0         4           pread64
  0.00    0.000000           0         1           dup2
  0.00    0.000000           0         3           getpid
  0.00    0.000000           0         1           execve
  0.00    0.000000           0         1           uname
  0.00    0.000000           0         3         1 fcntl
  0.00    0.000000           0         1           sysinfo
  0.00    0.000000           0         3           getppid
  0.00    0.000000           0         1           getpgrp
  0.00    0.000000           0         2         1 arch_prctl
  0.00    0.000000           0         1           futex
  0.00    0.000000           0         1           set_tid_address
  0.00    0.000000           0         1           set_robust_list
  0.00    0.000000           0         3           prlimit64
  0.00    0.000000           0         1           getrandom
  0.00    0.000000           0         1           rseq
------ ----------- ----------- --------- --------- ----------------
100.00   14.693533       59487       247        24 total
